0,50,50,50,50,50
0.01,50.028,50.021,50.017,50.014,50.012
0.02,50.055,50.041,50.033,50.028,50.024
0.03,50.083,50.062,50.05,50.041,50.036
0.04,50.11,50.083,50.066,50.055,50.047
0.05,50.137,50.103,50.083,50.069,50.059
0.06,50.164,50.123,50.099,50.083,50.071
0.07,50.191,50.144,50.115,50.096,50.083
0.08,50.217,50.164,50.132,50.11,50.094
0.09,50.244,50.184,50.148,50.123,50.106
0.1,50.27,50.204,50.164,50.137,50.118
0.11,50.296,50.224,50.18,50.15,50.129
0.12,50.322,50.244,50.196,50.164,50.141
0.13,50.348,50.264,50.212,50.177,50.152
0.14,50.374,50.283,50.228,50.191,50.164
0.15,50.4,50.303,50.244,50.204,50.175
0.16,50.425,50.322,50.26,50.217,50.187
0.17,50.451,50.342,50.275,50.231,50.198
0.18,50.476,50.361,50.291,50.244,50.21
0.19,50.501,50.381,50.307,50.257,50.221
0.2,50.526,50.4,50.322,50.27,50.233
0.21,50.551,50.419,50.338,50.283,50.244
0.22,50.575,50.438,50.354,50.296,50.255
0.23,50.6,50.457,50.369,50.309,50.266
0.24,50.624,50.476,50.384,50.322,50.278
0.25,50.648,50.495,50.4,50.335,50.289
0.26,50.672,50.513,50.415,50.348,50.3
0.27,50.696,50.532,50.43,50.361,50.311
0.28,50.72,50.551,50.446,50.374,50.322
0.29,50.744,50.569,50.461,50.387,50.334
0.3,50.768,50.588,50.476,50.4,50.345
0.31,50.791,50.606,50.491,50.413,50.356
0.32,50.814,50.624,50.506,50.425,50.367
0.33,50.838,50.642,50.521,50.438,50.378
0.34,50.861,50.66,50.536,50.451,50.389
0.35,50.884,50.678,50.551,50.463,50.4
0.36,50.906,50.696,50.565,50.476,50.411
0.37,50.929,50.714,50.58,50.488,50.422
0.38,50.952,50.732,50.595,50.501,50.433
0.39,50.974,50.75,50.61,50.513,50.443
0.4,50.996,50.768,50.624,50.526,50.454
0.41,51.018,50.785,50.639,50.538,50.465
0.42,51.041,50.803,50.653,50.551,50.476
0.43,51.062,50.82,50.668,50.563,50.487
0.44,51.084,50.838,50.682,50.575,50.497
0.45,51.106,50.855,50.696,50.588,50.508
0.46,51.128,50.872,50.711,50.6,50.519
0.47,51.149,50.889,50.725,50.612,50.529
0.48,51.17,50.906,50.739,50.624,50.54
0.49,51.192,50.923,50.753,50.636,50.551
0.5,51.213,50.94,50.768,50.648,50.561
0.51,51.234,50.957,50.782,50.66,50.572
0.52,51.255,50.974,50.796,50.672,50.582
0.53,51.275,50.991,50.81,50.684,50.593
0.54,51.296,51.007,50.824,50.696,50.603
0.55,51.316,51.024,50.838,50.708,50.614
0.56,51.337,51.041,50.851,50.72,50.624
0.57,51.357,51.057,50.865,50.732,50.635
0.58,51.377,51.073,50.879,50.744,50.645
0.59,51.397,51.09,50.893,50.756,50.655
0.6,51.417,51.106,50.906,50.768,50.666
0.61,51.437,51.122,50.92,50.779,50.676
0.62,51.457,51.138,50.934,50.791,50.686
0.63,51.477,51.154,50.947,50.803,50.696
0.64,51.496,51.17,50.961,50.814,50.707
0.65,51.515,51.186,50.974,50.826,50.717
0.66,51.535,51.202,50.987,50.838,50.727
0.67,51.554,51.218,51.001,50.849,50.737
0.68,51.573,51.234,51.014,50.861,50.747
0.69,51.592,51.249,51.027,50.872,50.758
0.7,51.611,51.265,51.041,50.884,50.768
0.71,51.63,51.28,51.054,50.895,50.778
0.72,51.648,51.296,51.067,50.906,50.788
0.73,51.667,51.311,51.08,50.918,50.798
0.74,51.685,51.327,51.093,50.929,50.808
0.75,51.704,51.342,51.106,50.94,50.818
0.76,51.722,51.357,51.119,50.952,50.828
0.77,51.74,51.372,51.132,50.963,50.838
0.78,51.758,51.387,51.145,50.974,50.847
0.79,51.776,51.402,51.158,50.985,50.857
0.8,51.794,51.417,51.17,50.996,50.867
0.81,51.812,51.432,51.183,51.007,50.877
0.82,51.83,51.447,51.196,51.018,50.887
0.83,51.847,51.462,51.208,51.03,50.897
0.84,51.865,51.477,51.221,51.041,50.906
0.85,51.882,51.491,51.234,51.052,50.916
0.86,51.899,51.506,51.246,51.062,50.926
0.87,51.916,51.52,51.259,51.073,50.935
0.88,51.933,51.535,51.271,51.084,50.945
0.89,51.95,51.549,51.284,51.095,50.955
0.9,51.967,51.564,51.296,51.106,50.964
0.91,51.984,51.578,51.308,51.117,50.974
0.92,52.001,51.592,51.321,51.128,50.984
0.93,52.017,51.606,51.333,51.138,50.993
0.94,52.034,51.62,51.345,51.149,51.003
0.95,52.05,51.634,51.357,51.16,51.012
0.96,52.067,51.648,51.369,51.17,51.022
0.97,52.083,51.662,51.381,51.181,51.031
0.98,52.099,51.676,51.393,51.192,51.041
0.99,52.115,51.69,51.405,51.202,51.05
1,52.131,51.704,51.417,51.213,51.059
1.01,52.147,51.718,51.429,51.223,51.069
1.02,52.163,51.731,51.441,51.234,51.078
1.03,52.179,51.745,51.453,51.244,51.087
1.04,52.194,51.758,51.465,51.255,51.097
1.05,52.21,51.772,51.477,51.265,51.106
1.06,52.225,51.785,51.488,51.275,51.115
1.07,52.241,51.799,51.5,51.286,51.124
1.08,52.256,51.812,51.512,51.296,51.134
1.09,52.271,51.825,51.523,51.306,51.143
1.1,52.286,51.838,51.535,51.316,51.152
1.11,52.301,51.851,51.546,51.327,51.161
1.12,52.316,51.865,51.558,51.337,51.17
1.13,52.331,51.878,51.569,51.347,51.179
1.14,52.346,51.891,51.581,51.357,51.189
1.15,52.361,51.904,51.592,51.367,51.198
1.16,52.375,51.916,51.603,51.377,51.207
1.17,52.39,51.929,51.615,51.387,51.216
1.18,52.404,51.942,51.626,51.397,51.225
1.19,52.419,51.955,51.637,51.407,51.234
1.2,52.433,51.967,51.648,51.417,51.243
1.21,52.447,51.98,51.66,51.427,51.252
1.22,52.461,51.993,51.671,51.437,51.26
1.23,52.475,52.005,51.682,51.447,51.269
1.24,52.489,52.017,51.693,51.457,51.278
1.25,52.503,52.03,51.704,51.467,51.287
1.26,52.517,52.042,51.715,51.477,51.296
1.27,52.531,52.055,51.726,51.486,51.305
1.28,52.545,52.067,51.737,51.496,51.314
1.29,52.558,52.079,51.747,51.506,51.322
1.3,52.572,52.091,51.758,51.515,51.331
1.31,52.585,52.103,51.769,51.525,51.34
1.32,52.598,52.115,51.78,51.535,51.348
1.33,52.612,52.127,51.791,51.544,51.357
1.34,52.625,52.139,51.801,51.554,51.366
1.35,52.638,52.151,51.812,51.564,51.374
1.36,52.651,52.163,51.822,51.573,51.383
1.37,52.664,52.175,51.833,51.583,51.392
1.38,52.677,52.186,51.844,51.592,51.4
1.39,52.69,52.198,51.854,51.602,51.409
1.4,52.703,52.21,51.865,51.611,51.417
1.41,52.716,52.221,51.875,51.62,51.426
1.42,52.728,52.233,51.885,51.63,51.434
1.43,52.741,52.244,51.896,51.639,51.443
1.44,52.753,52.256,51.906,51.648,51.451
1.45,52.766,52.267,51.916,51.658,51.46
1.46,52.778,52.279,51.927,51.667,51.468
1.47,52.79,52.29,51.937,51.676,51.477
1.48,52.803,52.301,51.947,51.685,51.485
1.49,52.815,52.313,51.957,51.695,51.493
1.5,52.827,52.324,51.967,51.704,51.502
1.51,52.839,52.335,51.977,51.713,51.51
1.52,52.851,52.346,51.987,51.722,51.518
1.53,52.863,52.357,51.998,51.731,51.527
1.54,52.875,52.368,52.008,51.74,51.535
1.55,52.887,52.379,52.017,51.749,51.543
1.56,52.898,52.39,52.027,51.758,51.551
1.57,52.91,52.401,52.037,51.767,51.559
1.58,52.921,52.411,52.047,51.776,51.568
1.59,52.933,52.422,52.057,51.785,51.576
1.6,52.944,52.433,52.067,51.794,51.584
1.61,52.956,52.444,52.077,51.803,51.592
1.62,52.967,52.454,52.086,51.812,51.6
1.63,52.978,52.465,52.096,51.821,51.608
1.64,52.99,52.475,52.106,51.83,51.616
1.65,53.001,52.486,52.115,51.838,51.624
1.66,53.012,52.496,52.125,51.847,51.632
1.67,53.023,52.507,52.134,51.856,51.64
1.68,53.034,52.517,52.144,51.865,51.648
1.69,53.045,52.527,52.153,51.873,51.656
1.7,53.056,52.538,52.163,51.882,51.664
1.71,53.066,52.548,52.172,51.891,51.672
1.72,53.077,52.558,52.182,51.899,51.68
1.73,53.088,52.568,52.191,51.908,51.688
1.74,53.098,52.578,52.201,51.916,51.696
1.75,53.109,52.588,52.21,51.925,51.704
1.76,53.119,52.598,52.219,51.933,51.712
1.77,53.13,52.608,52.228,51.942,51.719
1.78,53.14,52.618,52.238,51.95,51.727
1.79,53.15,52.628,52.247,51.959,51.735
1.8,53.161,52.638,52.256,51.967,51.743
1.81,53.171,52.648,52.265,51.976,51.751
1.82,53.181,52.658,52.274,51.984,51.758
1.83,53.191,52.668,52.283,51.993,51.766
1.84,53.201,52.677,52.292,52.001,51.774
1.85,53.211,52.687,52.301,52.009,51.781
1.86,53.221,52.696,52.31,52.017,51.789
1.87,53.231,52.706,52.319,52.026,51.797
1.88,53.241,52.716,52.328,52.034,51.804
1.89,53.25,52.725,52.337,52.042,51.812
1.9,53.26,52.735,52.346,52.05,51.819
1.91,53.27,52.744,52.355,52.059,51.827
1.92,53.279,52.753,52.364,52.067,51.835
1.93,53.289,52.763,52.372,52.075,51.842
1.94,53.298,52.772,52.381,52.083,51.85
1.95,53.308,52.781,52.39,52.091,51.857
1.96,53.317,52.79,52.398,52.099,51.865
1.97,53.326,52.8,52.407,52.107,51.872
1.98,53.336,52.809,52.416,52.115,51.879
1.99,53.345,52.818,52.424,52.123,51.887
2,53.354,52.827,52.433,52.131,51.894
2.01,53.363,52.836,52.441,52.139,51.902
2.02,53.372,52.845,52.45,52.147,51.909
2.03,53.381,52.854,52.458,52.155,51.916
2.04,53.39,52.863,52.467,52.163,51.924
2.05,53.399,52.872,52.475,52.171,51.931
2.06,53.408,52.881,52.484,52.179,51.938
2.07,53.417,52.889,52.492,52.186,51.946
2.08,53.426,52.898,52.5,52.194,51.953
2.09,53.434,52.907,52.509,52.202,51.96
2.1,53.443,52.916,52.517,52.21,51.967
2.11,53.452,52.924,52.525,52.218,51.975
2.12,53.46,52.933,52.534,52.225,51.982
2.13,53.469,52.942,52.542,52.233,51.989
2.14,53.477,52.95,52.55,52.241,51.996
2.15,53.486,52.959,52.558,52.248,52.003
2.16,53.494,52.967,52.566,52.256,52.01
2.17,53.502,52.976,52.574,52.264,52.017
2.18,53.511,52.984,52.582,52.271,52.025
2.19,53.519,52.992,52.59,52.279,52.032
2.2,53.527,53.001,52.598,52.286,52.039
2.21,53.535,53.009,52.606,52.294,52.046
2.22,53.543,53.017,52.614,52.301,52.053
2.23,53.551,53.026,52.622,52.309,52.06
2.24,53.559,53.034,52.63,52.316,52.067
2.25,53.567,53.042,52.638,52.324,52.074
2.26,53.575,53.05,52.646,52.331,52.081
2.27,53.583,53.058,52.654,52.339,52.088
2.28,53.591,53.066,52.662,52.346,52.095
2.29,53.599,53.074,52.669,52.353,52.101
2.3,53.607,53.082,52.677,52.361,52.108
2.31,53.614,53.09,52.685,52.368,52.115
2.32,53.622,53.098,52.693,52.375,52.122
2.33,53.63,53.106,52.7,52.383,52.129
2.34,53.637,53.114,52.708,52.39,52.136
2.35,53.645,53.122,52.716,52.397,52.143
2.36,53.652,53.13,52.723,52.404,52.149
2.37,53.66,53.137,52.731,52.411,52.156
2.38,53.667,53.145,52.738,52.419,52.163
2.39,53.675,53.153,52.746,52.426,52.17
2.4,53.682,53.161,52.753,52.433,52.176
2.41,53.689,53.168,52.761,52.44,52.183
2.42,53.697,53.176,52.768,52.447,52.19
2.43,53.704,53.183,52.776,52.454,52.197
2.44,53.711,53.191,52.783,52.461,52.203
2.45,53.718,53.199,52.79,52.468,52.21
2.46,53.725,53.206,52.798,52.475,52.216
2.47,53.732,53.213,52.805,52.482,52.223
2.48,53.739,53.221,52.812,52.489,52.23
2.49,53.746,53.228,52.82,52.496,52.236
2.5,53.753,53.236,52.827,52.503,52.243
2.51,53.76,53.243,52.834,52.51,52.249
2.52,53.767,53.25,52.841,52.517,52.256
2.53,53.774,53.258,52.849,52.524,52.262
2.54,53.781,53.265,52.856,52.531,52.269
2.55,53.787,53.272,52.863,52.538,52.275
2.56,53.794,53.279,52.87,52.545,52.282
2.57,53.801,53.286,52.877,52.551,52.288
2.58,53.807,53.294,52.884,52.558,52.295
2.59,53.814,53.301,52.891,52.565,52.301
2.6,53.821,53.308,52.898,52.572,52.308
2.61,53.827,53.315,52.905,52.578,52.314
2.62,53.834,53.322,52.912,52.585,52.321
2.63,53.84,53.329,52.919,52.592,52.327
2.64,53.847,53.336,52.926,52.598,52.333
2.65,53.853,53.343,52.933,52.605,52.34
2.66,53.859,53.349,52.94,52.612,52.346
2.67,53.866,53.356,52.947,52.618,52.352
2.68,53.872,53.363,52.954,52.625,52.359
2.69,53.878,53.37,52.96,52.632,52.365
2.7,53.884,53.377,52.967,52.638,52.371
2.71,53.891,53.383,52.974,52.645,52.377
2.72,53.897,53.39,52.981,52.651,52.384
2.73,53.903,53.397,52.987,52.658,52.39
2.74,53.909,53.404,52.994,52.664,52.396
2.75,53.915,53.41,53.001,52.671,52.402
2.76,53.921,53.417,53.007,52.677,52.408
2.77,53.927,53.423,53.014,52.684,52.415
2.78,53.933,53.43,53.021,52.69,52.421
2.79,53.939,53.436,53.027,52.696,52.427
2.8,53.945,53.443,53.034,52.703,52.433
2.81,53.95,53.449,53.04,52.709,52.439
2.82,53.956,53.456,53.047,52.716,52.445
2.83,53.962,53.462,53.053,52.722,52.451
2.84,53.968,53.469,53.06,52.728,52.457
2.85,53.974,53.475,53.066,52.735,52.463
2.86,53.979,53.481,53.073,52.741,52.469
2.87,53.985,53.488,53.079,52.747,52.475
2.88,53.991,53.494,53.086,52.753,52.481
2.89,53.996,53.5,53.092,52.76,52.487
2.9,54.002,53.507,53.098,52.766,52.493
2.91,54.007,53.513,53.105,52.772,52.499
2.92,54.013,53.519,53.111,52.778,52.505
2.93,54.018,53.525,53.117,52.784,52.511
2.94,54.024,53.531,53.123,52.79,52.517
2.95,54.029,53.537,53.13,52.797,52.523
2.96,54.034,53.543,53.136,52.803,52.529
2.97,54.04,53.549,53.142,52.809,52.535
2.98,54.045,53.555,53.148,52.815,52.541
2.99,54.05,53.561,53.154,52.821,52.546
3,54.056,53.567,53.161,52.827,52.552
3.01,54.061,53.573,53.167,52.833,52.558
3.02,54.066,53.579,53.173,52.839,52.564
3.03,54.071,53.585,53.179,52.845,52.57
3.04,54.076,53.591,53.185,52.851,52.575
3.05,54.081,53.597,53.191,52.857,52.581
3.06,54.087,53.603,53.197,52.863,52.587
3.07,54.092,53.609,53.203,52.869,52.593
3.08,54.097,53.614,53.209,52.875,52.598
3.09,54.102,53.62,53.215,52.881,52.604
3.1,54.107,53.626,53.221,52.887,52.61
3.11,54.112,53.632,53.227,52.892,52.616
3.12,54.117,53.637,53.233,52.898,52.621
3.13,54.121,53.643,53.239,52.904,52.627
3.14,54.126,53.649,53.244,52.91,52.633
3.15,54.131,53.654,53.25,52.916,52.638
3.16,54.136,53.66,53.256,52.921,52.644
3.17,54.141,53.665,53.262,52.927,52.649
3.18,54.145,53.671,53.268,52.933,52.655
3.19,54.15,53.677,53.273,52.939,52.661
3.2,54.155,53.682,53.279,52.944,52.666
3.21,54.16,53.687,53.285,52.95,52.672
3.22,54.164,53.693,53.291,52.956,52.677
3.23,54.169,53.698,53.296,52.961,52.683
3.24,54.174,53.704,53.302,52.967,52.688
3.25,54.178,53.709,53.308,52.973,52.694
3.26,54.183,53.715,53.313,52.978,52.699
3.27,54.187,53.72,53.319,52.984,52.705
3.28,54.192,53.725,53.325,52.99,52.71
3.29,54.196,53.731,53.33,52.995,52.716
3.3,54.201,53.736,53.336,53.001,52.721
3.31,54.205,53.741,53.341,53.006,52.726
3.32,54.209,53.746,53.347,53.012,52.732
3.33,54.214,53.752,53.352,53.017,52.737
3.34,54.218,53.757,53.358,53.023,52.743
3.35,54.223,53.762,53.363,53.028,52.748
3.36,54.227,53.767,53.369,53.034,52.753
3.37,54.231,53.772,53.374,53.039,52.759
3.38,54.235,53.777,53.379,53.045,52.764
3.39,54.24,53.782,53.385,53.05,52.769
3.4,54.244,53.787,53.39,53.056,52.775
3.41,54.248,53.792,53.396,53.061,52.78
3.42,54.252,53.797,53.401,53.066,52.785
3.43,54.256,53.802,53.406,53.072,52.79
3.44,54.26,53.807,53.412,53.077,52.796
3.45,54.265,53.812,53.417,53.082,52.801
3.46,54.269,53.817,53.422,53.088,52.806
3.47,54.273,53.822,53.427,53.093,52.811
3.48,54.277,53.827,53.433,53.098,52.817
3.49,54.281,53.832,53.438,53.104,52.822
3.5,54.285,53.837,53.443,53.109,52.827
3.51,54.289,53.842,53.448,53.114,52.832
3.52,54.293,53.847,53.453,53.119,52.837
3.53,54.296,53.851,53.458,53.124,52.842
3.54,54.3,53.856,53.464,53.13,52.848
3.55,54.304,53.861,53.469,53.135,52.853
3.56,54.308,53.866,53.474,53.14,52.858
3.57,54.312,53.87,53.479,53.145,52.863
3.58,54.316,53.875,53.484,53.15,52.868
3.59,54.32,53.88,53.489,53.155,52.873
3.6,54.323,53.884,53.494,53.161,52.878
3.61,54.327,53.889,53.499,53.166,52.883
3.62,54.331,53.894,53.504,53.171,52.888
3.63,54.335,53.898,53.509,53.176,52.893
3.64,54.338,53.903,53.514,53.181,52.898
3.65,54.342,53.907,53.519,53.186,52.903
3.66,54.346,53.912,53.524,53.191,52.908
3.67,54.349,53.916,53.529,53.196,52.913
3.68,54.353,53.921,53.534,53.201,52.918
3.69,54.356,53.925,53.539,53.206,52.923
3.7,54.36,53.93,53.543,53.211,52.928
3.71,54.363,53.934,53.548,53.216,52.933
3.72,54.367,53.939,53.553,53.221,52.938
3.73,54.37,53.943,53.558,53.226,52.943
3.74,54.374,53.948,53.563,53.231,52.948
3.75,54.377,53.952,53.567,53.236,52.953
3.76,54.381,53.956,53.572,53.241,52.957
3.77,54.384,53.961,53.577,53.245,52.962
3.78,54.388,53.965,53.582,53.25,52.967
3.79,54.391,53.969,53.586,53.255,52.972
3.8,54.394,53.974,53.591,53.26,52.977
3.81,54.398,53.978,53.596,53.265,52.982
3.82,54.401,53.982,53.601,53.27,52.986
3.83,54.404,53.986,53.605,53.274,52.991
3.84,54.408,53.991,53.61,53.279,52.996
3.85,54.411,53.995,53.614,53.284,53.001
3.86,54.414,53.999,53.619,53.289,53.006
3.87,54.418,54.003,53.624,53.294,53.01
3.88,54.421,54.007,53.628,53.298,53.015
3.89,54.424,54.011,53.633,53.303,53.02
3.9,54.427,54.015,53.637,53.308,53.024
3.91,54.43,54.02,53.642,53.312,53.029
3.92,54.434,54.024,53.646,53.317,53.034
3.93,54.437,54.028,53.651,53.322,53.038
3.94,54.44,54.032,53.655,53.326,53.043
3.95,54.443,54.036,53.66,53.331,53.048
3.96,54.446,54.04,53.664,53.336,53.052
3.97,54.449,54.044,53.669,53.34,53.057
3.98,54.452,54.048,53.673,53.345,53.062
3.99,54.455,54.052,53.678,53.349,53.066
4,54.458,54.056,53.682,53.354,53.071
4.01,54.461,54.06,53.686,53.359,53.075
4.02,54.464,54.063,53.691,53.363,53.08
4.03,54.467,54.067,53.695,53.368,53.085
4.04,54.47,54.071,53.699,53.372,53.089
4.05,54.473,54.075,53.704,53.377,53.094
4.06,54.476,54.079,53.708,53.381,53.098
4.07,54.479,54.083,53.712,53.386,53.103
4.08,54.482,54.087,53.717,53.39,53.107
4.09,54.485,54.09,53.721,53.395,53.112
4.1,54.487,54.094,53.725,53.399,53.116
4.11,54.49,54.098,53.729,53.404,53.121
4.12,54.493,54.102,53.734,53.408,53.125
4.13,54.496,54.105,53.738,53.412,53.13
4.14,54.499,54.109,53.742,53.417,53.134
4.15,54.501,54.113,53.746,53.421,53.139
4.16,54.504,54.117,53.75,53.426,53.143
4.17,54.507,54.12,53.755,53.43,53.147
4.18,54.51,54.124,53.759,53.434,53.152
4.19,54.512,54.128,53.763,53.439,53.156
4.2,54.515,54.131,53.767,53.443,53.161
4.21,54.518,54.135,53.771,53.447,53.165
4.22,54.52,54.138,53.775,53.452,53.169
4.23,54.523,54.142,53.779,53.456,53.174
4.24,54.526,54.145,53.783,53.46,53.178
4.25,54.528,54.149,53.787,53.464,53.182
4.26,54.531,54.153,53.791,53.469,53.187
4.27,54.534,54.156,53.795,53.473,53.191
4.28,54.536,54.16,53.799,53.477,53.195
4.29,54.539,54.163,53.803,53.481,53.2
4.3,54.541,54.167,53.807,53.486,53.204
4.31,54.544,54.17,53.811,53.49,53.208
4.32,54.546,54.174,53.815,53.494,53.212
4.33,54.549,54.177,53.819,53.498,53.217
4.34,54.551,54.18,53.823,53.502,53.221
4.35,54.554,54.184,53.827,53.507,53.225
4.36,54.556,54.187,53.831,53.511,53.229
4.37,54.559,54.191,53.835,53.515,53.234
4.38,54.561,54.194,53.839,53.519,53.238
4.39,54.564,54.197,53.843,53.523,53.242
4.4,54.566,54.201,53.847,53.527,53.246
4.41,54.569,54.204,53.85,53.531,53.25
4.42,54.571,54.207,53.854,53.535,53.254
4.43,54.573,54.211,53.858,53.539,53.259
4.44,54.576,54.214,53.862,53.543,53.263
4.45,54.578,54.217,53.866,53.547,53.267
4.46,54.58,54.22,53.869,53.551,53.271
4.47,54.583,54.224,53.873,53.555,53.275
4.48,54.585,54.227,53.877,53.559,53.279
4.49,54.587,54.23,53.881,53.563,53.283
4.5,54.59,54.233,53.884,53.567,53.287
4.51,54.592,54.236,53.888,53.571,53.291
4.52,54.594,54.24,53.892,53.575,53.296
4.53,54.596,54.243,53.895,53.579,53.3
4.54,54.599,54.246,53.899,53.583,53.304
4.55,54.601,54.249,53.903,53.587,53.308
4.56,54.603,54.252,53.906,53.591,53.312
4.57,54.605,54.255,53.91,53.595,53.316
4.58,54.607,54.258,53.914,53.599,53.32
4.59,54.61,54.261,53.917,53.603,53.324
4.6,54.612,54.265,53.921,53.607,53.328
4.61,54.614,54.268,53.925,53.611,53.332
4.62,54.616,54.271,53.928,53.614,53.336
4.63,54.618,54.274,53.932,53.618,53.34
4.64,54.62,54.277,53.935,53.622,53.344
4.65,54.622,54.28,53.939,53.626,53.347
4.66,54.624,54.283,53.942,53.63,53.351
4.67,54.627,54.286,53.946,53.634,53.355
4.68,54.629,54.289,53.949,53.637,53.359
4.69,54.631,54.292,53.953,53.641,53.363
4.7,54.633,54.295,53.956,53.645,53.367
4.71,54.635,54.297,53.96,53.649,53.371
4.72,54.637,54.3,53.963,53.652,53.375
4.73,54.639,54.303,53.967,53.656,53.379
4.74,54.641,54.306,53.97,53.66,53.383
4.75,54.643,54.309,53.974,53.664,53.386
4.76,54.645,54.312,53.977,53.667,53.39
4.77,54.647,54.315,53.98,53.671,53.394
4.78,54.649,54.318,53.984,53.675,53.398
4.79,54.651,54.32,53.987,53.678,53.402
4.8,54.653,54.323,53.991,53.682,53.405
4.81,54.655,54.326,53.994,53.686,53.409
4.82,54.656,54.329,53.997,53.689,53.413
4.83,54.658,54.332,54.001,53.693,53.417
4.84,54.66,54.335,54.004,53.697,53.421
4.85,54.662,54.337,54.007,53.7,53.424
4.86,54.664,54.34,54.011,53.704,53.428
4.87,54.666,54.343,54.014,53.707,53.432
4.88,54.668,54.346,54.017,53.711,53.436
4.89,54.67,54.348,54.02,53.715,53.439
4.9,54.671,54.351,54.024,53.718,53.443
4.91,54.673,54.354,54.027,53.722,53.447
4.92,54.675,54.356,54.03,53.725,53.45
4.93,54.677,54.359,54.033,53.729,53.454
4.94,54.679,54.362,54.037,53.732,53.458
4.95,54.68,54.364,54.04,53.736,53.461
4.96,54.682,54.367,54.043,53.739,53.465
4.97,54.684,54.37,54.046,53.743,53.469
4.98,54.686,54.372,54.049,53.746,53.472
4.99,54.687,54.375,54.052,53.75,53.476
5,54.689,54.377,54.056,53.753,53.48
5.01,54.691,54.38,54.059,53.757,53.483
5.02,54.693,54.383,54.062,53.76,53.487
5.03,54.694,54.385,54.065,53.764,53.49
5.04,54.696,54.388,54.068,53.767,53.494
5.05,54.698,54.39,54.071,53.77,53.498
5.06,54.699,54.393,54.074,53.774,53.501
5.07,54.701,54.395,54.077,53.777,53.505
5.08,54.703,54.398,54.08,53.781,53.508
5.09,54.704,54.4,54.084,53.784,53.512
5.1,54.706,54.403,54.087,53.787,53.515
5.11,54.708,54.405,54.09,53.791,53.519
5.12,54.709,54.408,54.093,53.794,53.522
5.13,54.711,54.41,54.096,53.797,53.526
5.14,54.712,54.413,54.099,53.801,53.529
5.15,54.714,54.415,54.102,53.804,53.533
5.16,54.716,54.418,54.105,53.807,53.536
5.17,54.717,54.42,54.108,53.811,53.54
5.18,54.719,54.422,54.111,53.814,53.543
5.19,54.72,54.425,54.114,53.817,53.547
5.2,54.722,54.427,54.117,53.821,53.55
5.21,54.723,54.43,54.119,53.824,53.554
5.22,54.725,54.432,54.122,53.827,53.557
5.23,54.726,54.434,54.125,53.83,53.561
5.24,54.728,54.437,54.128,53.834,53.564
5.25,54.729,54.439,54.131,53.837,53.567
5.26,54.731,54.441,54.134,53.84,53.571
5.27,54.732,54.444,54.137,53.843,53.574
5.28,54.734,54.446,54.14,53.847,53.578
5.29,54.735,54.448,54.143,53.85,53.581
5.3,54.737,54.451,54.145,53.853,53.584
5.31,54.738,54.453,54.148,53.856,53.588
5.32,54.74,54.455,54.151,53.859,53.591
5.33,54.741,54.457,54.154,53.862,53.595
5.34,54.743,54.46,54.157,53.866,53.598
5.35,54.744,54.462,54.16,53.869,53.601
5.36,54.745,54.464,54.162,53.872,53.605
5.37,54.747,54.466,54.165,53.875,53.608
5.38,54.748,54.469,54.168,53.878,53.611
5.39,54.75,54.471,54.171,53.881,53.614
5.4,54.751,54.473,54.174,53.884,53.618
5.41,54.752,54.475,54.176,53.887,53.621
5.42,54.754,54.477,54.179,53.891,53.624
5.43,54.755,54.48,54.182,53.894,53.628
5.44,54.757,54.482,54.184,53.897,53.631
5.45,54.758,54.484,54.187,53.9,53.634
5.46,54.759,54.486,54.19,53.903,53.637
5.47,54.761,54.488,54.193,53.906,53.641
5.48,54.762,54.49,54.195,53.909,53.644
5.49,54.763,54.492,54.198,53.912,53.647
5.5,54.765,54.495,54.201,53.915,53.65
5.51,54.766,54.497,54.203,53.918,53.653
5.52,54.767,54.499,54.206,53.921,53.657
5.53,54.768,54.501,54.209,53.924,53.66
5.54,54.77,54.503,54.211,53.927,53.663
5.55,54.771,54.505,54.214,53.93,53.666
5.56,54.772,54.507,54.216,53.933,53.669
5.57,54.773,54.509,54.219,53.936,53.673
5.58,54.775,54.511,54.222,53.939,53.676
5.59,54.776,54.513,54.224,53.942,53.679
5.6,54.777,54.515,54.227,53.945,53.682
5.61,54.778,54.517,54.229,53.948,53.685
5.62,54.78,54.519,54.232,53.95,53.688
5.63,54.781,54.521,54.235,53.953,53.691
5.64,54.782,54.523,54.237,53.956,53.695
5.65,54.783,54.525,54.24,53.959,53.698
5.66,54.785,54.527,54.242,53.962,53.701
5.67,54.786,54.529,54.245,53.965,53.704
5.68,54.787,54.531,54.247,53.968,53.707
5.69,54.788,54.533,54.25,53.971,53.71
5.7,54.789,54.535,54.252,53.974,53.713
5.71,54.79,54.537,54.255,53.976,53.716
5.72,54.792,54.539,54.257,53.979,53.719
5.73,54.793,54.541,54.26,53.982,53.722
5.74,54.794,54.543,54.262,53.985,53.725
5.75,54.795,54.545,54.265,53.988,53.728
5.76,54.796,54.546,54.267,53.991,53.731
5.77,54.797,54.548,54.269,53.993,53.734
5.78,54.798,54.55,54.272,53.996,53.737
5.79,54.8,54.552,54.274,53.999,53.74
5.8,54.801,54.554,54.277,54.002,53.743
5.81,54.802,54.556,54.279,54.004,53.746
5.82,54.803,54.558,54.281,54.007,53.749
5.83,54.804,54.559,54.284,54.01,53.752
5.84,54.805,54.561,54.286,54.013,53.755
5.85,54.806,54.563,54.289,54.015,53.758
5.86,54.807,54.565,54.291,54.018,53.761
5.87,54.808,54.567,54.293,54.021,53.764
5.88,54.809,54.569,54.296,54.024,53.767
5.89,54.81,54.57,54.298,54.026,53.77
5.9,54.811,54.572,54.3,54.029,53.773
5.91,54.812,54.574,54.303,54.032,53.776
5.92,54.814,54.576,54.305,54.034,53.779
5.93,54.815,54.577,54.307,54.037,53.782
5.94,54.816,54.579,54.31,54.04,53.785
5.95,54.817,54.581,54.312,54.042,53.787
5.96,54.818,54.583,54.314,54.045,53.79
5.97,54.819,54.584,54.317,54.048,53.793
5.98,54.82,54.586,54.319,54.05,53.796
5.99,54.821,54.588,54.321,54.053,53.799
6,54.822,54.59,54.323,54.056,53.802
6.01,54.823,54.591,54.326,54.058,53.805
6.02,54.824,54.593,54.328,54.061,53.807
6.03,54.825,54.595,54.33,54.063,53.81
6.04,54.826,54.596,54.332,54.066,53.813
6.05,54.827,54.598,54.335,54.069,53.816
6.06,54.827,54.6,54.337,54.071,53.819
6.07,54.828,54.601,54.339,54.074,53.822
6.08,54.829,54.603,54.341,54.076,53.824
6.09,54.83,54.605,54.343,54.079,53.827
6.1,54.831,54.606,54.346,54.081,53.83
6.11,54.832,54.608,54.348,54.084,53.833
6.12,54.833,54.61,54.35,54.087,53.835
6.13,54.834,54.611,54.352,54.089,53.838
6.14,54.835,54.613,54.354,54.092,53.841
6.15,54.836,54.614,54.356,54.094,53.844
6.16,54.837,54.616,54.358,54.097,53.847
6.17,54.838,54.618,54.361,54.099,53.849
6.18,54.839,54.619,54.363,54.102,53.852
6.19,54.839,54.621,54.365,54.104,53.855
6.2,54.84,54.622,54.367,54.107,53.857
6.21,54.841,54.624,54.369,54.109,53.86
6.22,54.842,54.626,54.371,54.112,53.863
6.23,54.843,54.627,54.373,54.114,53.866
6.24,54.844,54.629,54.375,54.117,53.868
6.25,54.845,54.63,54.377,54.119,53.871
6.26,54.846,54.632,54.379,54.121,53.874
6.27,54.846,54.633,54.382,54.124,53.876
6.28,54.847,54.635,54.384,54.126,53.879
6.29,54.848,54.636,54.386,54.129,53.882
6.3,54.849,54.638,54.388,54.131,53.884
6.31,54.85,54.639,54.39,54.134,53.887
6.32,54.851,54.641,54.392,54.136,53.89
6.33,54.852,54.642,54.394,54.138,53.892
6.34,54.852,54.644,54.396,54.141,53.895
6.35,54.853,54.645,54.398,54.143,53.898
6.36,54.854,54.647,54.4,54.145,53.9
6.37,54.855,54.648,54.402,54.148,53.903
6.38,54.856,54.65,54.404,54.15,53.905
6.39,54.856,54.651,54.406,54.153,53.908
6.4,54.857,54.653,54.408,54.155,53.911
6.41,54.858,54.654,54.41,54.157,53.913
6.42,54.859,54.655,54.412,54.16,53.916
6.43,54.86,54.657,54.414,54.162,53.918
6.44,54.86,54.658,54.416,54.164,53.921
6.45,54.861,54.66,54.418,54.167,53.923
6.46,54.862,54.661,54.42,54.169,53.926
6.47,54.863,54.663,54.421,54.171,53.929
6.48,54.863,54.664,54.423,54.174,53.931
6.49,54.864,54.665,54.425,54.176,53.934
6.5,54.865,54.667,54.427,54.178,53.936
6.51,54.866,54.668,54.429,54.18,53.939
6.52,54.866,54.67,54.431,54.183,53.941
6.53,54.867,54.671,54.433,54.185,53.944
6.54,54.868,54.672,54.435,54.187,53.946
6.55,54.869,54.674,54.437,54.189,53.949
6.56,54.869,54.675,54.439,54.192,53.951
6.57,54.87,54.676,54.44,54.194,53.954
6.58,54.871,54.678,54.442,54.196,53.956
6.59,54.871,54.679,54.444,54.198,53.959
6.6,54.872,54.68,54.446,54.201,53.961
6.61,54.873,54.682,54.448,54.203,53.964
6.62,54.874,54.683,54.45,54.205,53.966
6.63,54.874,54.684,54.451,54.207,53.969
6.64,54.875,54.686,54.453,54.209,53.971
6.65,54.876,54.687,54.455,54.212,53.974
6.66,54.876,54.688,54.457,54.214,53.976
6.67,54.877,54.69,54.459,54.216,53.978
6.68,54.878,54.691,54.461,54.218,53.981
6.69,54.878,54.692,54.462,54.22,53.983
6.7,54.879,54.693,54.464,54.223,53.986
6.71,54.88,54.695,54.466,54.225,53.988
6.72,54.88,54.696,54.468,54.227,53.991
6.73,54.881,54.697,54.469,54.229,53.993
6.74,54.882,54.698,54.471,54.231,53.995
6.75,54.882,54.7,54.473,54.233,53.998
6.76,54.883,54.701,54.475,54.235,54
6.77,54.884,54.702,54.477,54.237,54.002
6.78,54.884,54.703,54.478,54.24,54.005
6.79,54.885,54.705,54.48,54.242,54.007
6.8,54.886,54.706,54.482,54.244,54.01
6.81,54.886,54.707,54.483,54.246,54.012
6.82,54.887,54.708,54.485,54.248,54.014
6.83,54.888,54.71,54.487,54.25,54.017
6.84,54.888,54.711,54.489,54.252,54.019
6.85,54.889,54.712,54.49,54.254,54.021
6.86,54.889,54.713,54.492,54.256,54.024
6.87,54.89,54.714,54.494,54.258,54.026
6.88,54.891,54.716,54.495,54.26,54.028
6.89,54.891,54.717,54.497,54.262,54.031
6.9,54.892,54.718,54.499,54.265,54.033
6.91,54.892,54.719,54.5,54.267,54.035
6.92,54.893,54.72,54.502,54.269,54.037
6.93,54.894,54.721,54.504,54.271,54.04
6.94,54.894,54.723,54.505,54.273,54.042
6.95,54.895,54.724,54.507,54.275,54.044
6.96,54.895,54.725,54.509,54.277,54.047
6.97,54.896,54.726,54.51,54.279,54.049
6.98,54.897,54.727,54.512,54.281,54.051
6.99,54.897,54.728,54.514,54.283,54.053
7,54.898,54.729,54.515,54.285,54.056
7.01,54.898,54.731,54.517,54.287,54.058
7.02,54.899,54.732,54.518,54.289,54.06
7.03,54.899,54.733,54.52,54.291,54.062
7.04,54.9,54.734,54.522,54.293,54.065
7.05,54.9,54.735,54.523,54.295,54.067
7.06,54.901,54.736,54.525,54.296,54.069
7.07,54.902,54.737,54.526,54.298,54.071
7.08,54.902,54.738,54.528,54.3,54.073
7.09,54.903,54.739,54.529,54.302,54.076
7.1,54.903,54.74,54.531,54.304,54.078
7.11,54.904,54.742,54.533,54.306,54.08
7.12,54.904,54.743,54.534,54.308,54.082
7.13,54.905,54.744,54.536,54.31,54.084
7.14,54.905,54.745,54.537,54.312,54.087
7.15,54.906,54.746,54.539,54.314,54.089
7.16,54.906,54.747,54.54,54.316,54.091
7.17,54.907,54.748,54.542,54.318,54.093
7.18,54.907,54.749,54.543,54.32,54.095
7.19,54.908,54.75,54.545,54.321,54.097
7.2,54.908,54.751,54.546,54.323,54.1
7.21,54.909,54.752,54.548,54.325,54.102
7.22,54.909,54.753,54.549,54.327,54.104
7.23,54.91,54.754,54.551,54.329,54.106
7.24,54.91,54.755,54.552,54.331,54.108
7.25,54.911,54.756,54.554,54.333,54.11
7.26,54.911,54.757,54.555,54.335,54.112
7.27,54.912,54.758,54.557,54.336,54.114
7.28,54.912,54.759,54.558,54.338,54.117
7.29,54.913,54.76,54.56,54.34,54.119
7.3,54.913,54.761,54.561,54.342,54.121
7.31,54.914,54.762,54.563,54.344,54.123
7.32,54.914,54.763,54.564,54.346,54.125
7.33,54.915,54.764,54.566,54.347,54.127
7.34,54.915,54.765,54.567,54.349,54.129
7.35,54.916,54.766,54.569,54.351,54.131
7.36,54.916,54.767,54.57,54.353,54.133
7.37,54.917,54.768,54.571,54.355,54.135
7.38,54.917,54.769,54.573,54.356,54.137
7.39,54.918,54.77,54.574,54.358,54.139
7.4,54.918,54.771,54.576,54.36,54.141
7.41,54.919,54.772,54.577,54.362,54.143
7.42,54.919,54.773,54.578,54.363,54.145
7.43,54.919,54.774,54.58,54.365,54.148
7.44,54.92,54.775,54.581,54.367,54.15
7.45,54.92,54.776,54.583,54.369,54.152
7.46,54.921,54.777,54.584,54.37,54.154
7.47,54.921,54.778,54.585,54.372,54.156
7.48,54.922,54.778,54.587,54.374,54.158
7.49,54.922,54.779,54.588,54.376,54.16
7.5,54.922,54.78,54.59,54.377,54.162
7.51,54.923,54.781,54.591,54.379,54.164
7.52,54.923,54.782,54.592,54.381,54.166
7.53,54.924,54.783,54.594,54.383,54.168
7.54,54.924,54.784,54.595,54.384,54.17
7.55,54.925,54.785,54.596,54.386,54.172
7.56,54.925,54.786,54.598,54.388,54.174
7.57,54.925,54.787,54.599,54.389,54.175
7.58,54.926,54.788,54.6,54.391,54.177
7.59,54.926,54.788,54.602,54.393,54.179
7.6,54.927,54.789,54.603,54.394,54.181
7.61,54.927,54.79,54.604,54.396,54.183
7.62,54.927,54.791,54.606,54.398,54.185
7.63,54.928,54.792,54.607,54.4,54.187
7.64,54.928,54.793,54.608,54.401,54.189
7.65,54.929,54.794,54.61,54.403,54.191
7.66,54.929,54.794,54.611,54.404,54.193
7.67,54.929,54.795,54.612,54.406,54.195
7.68,54.93,54.796,54.613,54.408,54.197
7.69,54.93,54.797,54.615,54.409,54.199
7.7,54.931,54.798,54.616,54.411,54.201
7.71,54.931,54.799,54.617,54.413,54.203
7.72,54.931,54.8,54.619,54.414,54.204
7.73,54.932,54.8,54.62,54.416,54.206
7.74,54.932,54.801,54.621,54.418,54.208
7.75,54.933,54.802,54.622,54.419,54.21
7.76,54.933,54.803,54.624,54.421,54.212
7.77,54.933,54.804,54.625,54.422,54.214
7.78,54.934,54.805,54.626,54.424,54.216
7.79,54.934,54.805,54.627,54.426,54.218
7.8,54.934,54.806,54.629,54.427,54.219
7.81,54.935,54.807,54.63,54.429,54.221
7.82,54.935,54.808,54.631,54.43,54.223
7.83,54.935,54.809,54.632,54.432,54.225
7.84,54.936,54.809,54.634,54.434,54.227
7.85,54.936,54.81,54.635,54.435,54.229
7.86,54.937,54.811,54.636,54.437,54.23
7.87,54.937,54.812,54.637,54.438,54.232
7.88,54.937,54.812,54.638,54.44,54.234
7.89,54.938,54.813,54.64,54.441,54.236
7.9,54.938,54.814,54.641,54.443,54.238
7.91,54.938,54.815,54.642,54.444,54.24
7.92,54.939,54.816,54.643,54.446,54.241
7.93,54.939,54.816,54.644,54.448,54.243
7.94,54.939,54.817,54.646,54.449,54.245
7.95,54.94,54.818,54.647,54.451,54.247
7.96,54.94,54.819,54.648,54.452,54.249
7.97,54.94,54.819,54.649,54.454,54.25
7.98,54.941,54.82,54.65,54.455,54.252
7.99,54.941,54.821,54.651,54.457,54.254
8,54.941,54.822,54.653,54.458,54.256
8.01,54.942,54.822,54.654,54.46,54.257
8.02,54.942,54.823,54.655,54.461,54.259
8.03,54.942,54.824,54.656,54.463,54.261
8.04,54.943,54.825,54.657,54.464,54.263
8.05,54.943,54.825,54.658,54.466,54.265
8.06,54.943,54.826,54.659,54.467,54.266
8.07,54.944,54.827,54.661,54.469,54.268
8.08,54.944,54.827,54.662,54.47,54.27
8.09,54.944,54.828,54.663,54.472,54.271
8.1,54.944,54.829,54.664,54.473,54.273
8.11,54.945,54.83,54.665,54.474,54.275
8.12,54.945,54.83,54.666,54.476,54.277
8.13,54.945,54.831,54.667,54.477,54.278
8.14,54.946,54.832,54.668,54.479,54.28
8.15,54.946,54.832,54.67,54.48,54.282
8.16,54.946,54.833,54.671,54.482,54.284
8.17,54.947,54.834,54.672,54.483,54.285
8.18,54.947,54.835,54.673,54.485,54.287
8.19,54.947,54.835,54.674,54.486,54.289
8.2,54.947,54.836,54.675,54.487,54.29
8.21,54.948,54.837,54.676,54.489,54.292
8.22,54.948,54.837,54.677,54.49,54.294
8.23,54.948,54.838,54.678,54.492,54.295
8.24,54.949,54.839,54.679,54.493,54.297
8.25,54.949,54.839,54.68,54.495,54.299
8.26,54.949,54.84,54.681,54.496,54.3
8.27,54.949,54.841,54.682,54.497,54.302
8.28,54.95,54.841,54.684,54.499,54.304
8.29,54.95,54.842,54.685,54.5,54.305
8.3,54.95,54.843,54.686,54.501,54.307
8.31,54.951,54.843,54.687,54.503,54.309
8.32,54.951,54.844,54.688,54.504,54.31
8.33,54.951,54.845,54.689,54.506,54.312
8.34,54.951,54.845,54.69,54.507,54.314
8.35,54.952,54.846,54.691,54.508,54.315
8.36,54.952,54.846,54.692,54.51,54.317
8.37,54.952,54.847,54.693,54.511,54.318
8.38,54.952,54.848,54.694,54.512,54.32
8.39,54.953,54.848,54.695,54.514,54.322
8.4,54.953,54.849,54.696,54.515,54.323
8.41,54.953,54.85,54.697,54.516,54.325
8.42,54.954,54.85,54.698,54.518,54.327
8.43,54.954,54.851,54.699,54.519,54.328
8.44,54.954,54.852,54.7,54.52,54.33
8.45,54.954,54.852,54.701,54.522,54.331
8.46,54.955,54.853,54.702,54.523,54.333
8.47,54.955,54.853,54.703,54.524,54.335
8.48,54.955,54.854,54.704,54.526,54.336
8.49,54.955,54.855,54.705,54.527,54.338
8.5,54.956,54.855,54.706,54.528,54.339
8.51,54.956,54.856,54.707,54.53,54.341
8.52,54.956,54.856,54.708,54.531,54.342
8.53,54.956,54.857,54.709,54.532,54.344
8.54,54.957,54.858,54.71,54.534,54.346
8.55,54.957,54.858,54.711,54.535,54.347
8.56,54.957,54.859,54.712,54.536,54.349
8.57,54.957,54.859,54.713,54.538,54.35
8.58,54.957,54.86,54.714,54.539,54.352
8.59,54.958,54.861,54.715,54.54,54.353
8.6,54.958,54.861,54.716,54.541,54.355
8.61,54.958,54.862,54.717,54.543,54.356
8.62,54.958,54.862,54.717,54.544,54.358
8.63,54.959,54.863,54.718,54.545,54.359
8.64,54.959,54.863,54.719,54.546,54.361
8.65,54.959,54.864,54.72,54.548,54.362
8.66,54.959,54.865,54.721,54.549,54.364
8.67,54.96,54.865,54.722,54.55,54.365
8.68,54.96,54.866,54.723,54.551,54.367
8.69,54.96,54.866,54.724,54.553,54.368
8.7,54.96,54.867,54.725,54.554,54.37
8.71,54.96,54.867,54.726,54.555,54.371
8.72,54.961,54.868,54.727,54.556,54.373
8.73,54.961,54.868,54.728,54.558,54.374
8.74,54.961,54.869,54.729,54.559,54.376
8.75,54.961,54.87,54.729,54.56,54.377
8.76,54.962,54.87,54.73,54.561,54.379
8.77,54.962,54.871,54.731,54.562,54.38
8.78,54.962,54.871,54.732,54.564,54.382
8.79,54.962,54.872,54.733,54.565,54.383
8.8,54.962,54.872,54.734,54.566,54.385
8.81,54.963,54.873,54.735,54.567,54.386
8.82,54.963,54.873,54.736,54.569,54.388
8.83,54.963,54.874,54.737,54.57,54.389
8.84,54.963,54.874,54.737,54.571,54.391
8.85,54.963,54.875,54.738,54.572,54.392
8.86,54.964,54.875,54.739,54.573,54.394
8.87,54.964,54.876,54.74,54.574,54.395
8.88,54.964,54.876,54.741,54.576,54.396
8.89,54.964,54.877,54.742,54.577,54.398
8.9,54.964,54.877,54.743,54.578,54.399
8.91,54.965,54.878,54.743,54.579,54.401
8.92,54.965,54.878,54.744,54.58,54.402
8.93,54.965,54.879,54.745,54.582,54.404
8.94,54.965,54.879,54.746,54.583,54.405
8.95,54.965,54.88,54.747,54.584,54.406
8.96,54.966,54.88,54.748,54.585,54.408
8.97,54.966,54.881,54.749,54.586,54.409
8.98,54.966,54.881,54.749,54.587,54.411
8.99,54.966,54.882,54.75,54.588,54.412
9,54.966,54.882,54.751,54.59,54.413
9.01,54.966,54.883,54.752,54.591,54.415
9.02,54.967,54.883,54.753,54.592,54.416
9.03,54.967,54.884,54.754,54.593,54.418
9.04,54.967,54.884,54.754,54.594,54.419
9.05,54.967,54.885,54.755,54.595,54.42
9.06,54.967,54.885,54.756,54.596,54.422
9.07,54.968,54.886,54.757,54.597,54.423
9.08,54.968,54.886,54.758,54.599,54.424
9.09,54.968,54.887,54.758,54.6,54.426
9.1,54.968,54.887,54.759,54.601,54.427
9.11,54.968,54.888,54.76,54.602,54.429
9.12,54.968,54.888,54.761,54.603,54.43
9.13,54.969,54.889,54.762,54.604,54.431
9.14,54.969,54.889,54.762,54.605,54.433
9.15,54.969,54.89,54.763,54.606,54.434
9.16,54.969,54.89,54.764,54.607,54.435
9.17,54.969,54.89,54.765,54.609,54.437
9.18,54.97,54.891,54.766,54.61,54.438
9.19,54.97,54.891,54.766,54.611,54.439
9.2,54.97,54.892,54.767,54.612,54.441
9.21,54.97,54.892,54.768,54.613,54.442
9.22,54.97,54.893,54.769,54.614,54.443
9.23,54.97,54.893,54.769,54.615,54.445
9.24,54.971,54.894,54.77,54.616,54.446
9.25,54.971,54.894,54.771,54.617,54.447
9.26,54.971,54.894,54.772,54.618,54.449
9.27,54.971,54.895,54.772,54.619,54.45
9.28,54.971,54.895,54.773,54.62,54.451
9.29,54.971,54.896,54.774,54.621,54.453
9.3,54.971,54.896,54.775,54.622,54.454
9.31,54.972,54.897,54.776,54.623,54.455
9.32,54.972,54.897,54.776,54.624,54.456
9.33,54.972,54.898,54.777,54.626,54.458
9.34,54.972,54.898,54.778,54.627,54.459
9.35,54.972,54.898,54.778,54.628,54.46
9.36,54.972,54.899,54.779,54.629,54.462
9.37,54.973,54.899,54.78,54.63,54.463
9.38,54.973,54.9,54.781,54.631,54.464
9.39,54.973,54.9,54.781,54.632,54.465
9.4,54.973,54.9,54.782,54.633,54.467
9.41,54.973,54.901,54.783,54.634,54.468
9.42,54.973,54.901,54.784,54.635,54.469
9.43,54.973,54.902,54.784,54.636,54.47
9.44,54.974,54.902,54.785,54.637,54.472
9.45,54.974,54.903,54.786,54.638,54.473
9.46,54.974,54.903,54.786,54.639,54.474
9.47,54.974,54.903,54.787,54.64,54.476
9.48,54.974,54.904,54.788,54.641,54.477
9.49,54.974,54.904,54.789,54.642,54.478
9.5,54.974,54.905,54.789,54.643,54.479
9.51,54.975,54.905,54.79,54.644,54.48
9.52,54.975,54.905,54.791,54.645,54.482
9.53,54.975,54.906,54.791,54.646,54.483
9.54,54.975,54.906,54.792,54.647,54.484
9.55,54.975,54.906,54.793,54.648,54.485
9.56,54.975,54.907,54.793,54.649,54.487
9.57,54.975,54.907,54.794,54.65,54.488
9.58,54.976,54.908,54.795,54.651,54.489
9.59,54.976,54.908,54.796,54.652,54.49
9.6,54.976,54.908,54.796,54.653,54.491
9.61,54.976,54.909,54.797,54.654,54.493
9.62,54.976,54.909,54.798,54.655,54.494
9.63,54.976,54.91,54.798,54.655,54.495
9.64,54.976,54.91,54.799,54.656,54.496
9.65,54.977,54.91,54.8,54.657,54.498
9.66,54.977,54.911,54.8,54.658,54.499
9.67,54.977,54.911,54.801,54.659,54.5
9.68,54.977,54.911,54.802,54.66,54.501
9.69,54.977,54.912,54.802,54.661,54.502
9.7,54.977,54.912,54.803,54.662,54.503
9.71,54.977,54.913,54.804,54.663,54.505
9.72,54.977,54.913,54.804,54.664,54.506
9.73,54.978,54.913,54.805,54.665,54.507
9.74,54.978,54.914,54.805,54.666,54.508
9.75,54.978,54.914,54.806,54.667,54.509
9.76,54.978,54.914,54.807,54.668,54.511
9.77,54.978,54.915,54.807,54.669,54.512
9.78,54.978,54.915,54.808,54.67,54.513
9.79,54.978,54.915,54.809,54.67,54.514
9.8,54.978,54.916,54.809,54.671,54.515
9.81,54.979,54.916,54.81,54.672,54.516
9.82,54.979,54.916,54.811,54.673,54.517
9.83,54.979,54.917,54.811,54.674,54.519
9.84,54.979,54.917,54.812,54.675,54.52
9.85,54.979,54.917,54.812,54.676,54.521
9.86,54.979,54.918,54.813,54.677,54.522
9.87,54.979,54.918,54.814,54.678,54.523
9.88,54.979,54.919,54.814,54.679,54.524
9.89,54.979,54.919,54.815,54.679,54.525
9.9,54.98,54.919,54.816,54.68,54.527
9.91,54.98,54.92,54.816,54.681,54.528
9.92,54.98,54.92,54.817,54.682,54.529
9.93,54.98,54.92,54.817,54.683,54.53
9.94,54.98,54.921,54.818,54.684,54.531
9.95,54.98,54.921,54.819,54.685,54.532
9.96,54.98,54.921,54.819,54.686,54.533
9.97,54.98,54.922,54.82,54.687,54.534
9.98,54.98,54.922,54.82,54.687,54.535
9.99,54.981,54.922,54.821,54.688,54.537
10,54.981,54.922,54.822,54.689,54.538
