263.3
258.1
263.2
257.7
260.9
259.8
254.4
264.4
263.2
254.4
260.8
255.3
254
259.4
267.3
267.1
265.6
253
260.7
260.6
264.2
254.1
267.9
265
268.6
267.2
265.7
267.1
265.7
265.7
264.5
263.5
260.3
258.3
267
268.5
267.8
250.9
263.4
267.6
267.9
263.5
251.2
264.8
265.6
265.7
263.3
263.4
264.9
260.3
267.8
264.1
264.2
256.4
262
262
256.8
263
259.1
267.7
263.6
258.5
261.4
264.6
261.4
256.6
261.8
254.7
263.3
267.5
260
263.2
268.7
256.1
260.7
264.4
266.8
266.5
260.2
259.5
264.9
263.1
257.7
267.4
264.8
258.2
251.6
258.2
269.5
256.5
252.7
263.2
264.5
269.7
260.2
263.7
252.1
263.9
264.5
258.1
